3.0000   1.0000   97.7778   97.2973   0.1491   0.1644     PSO 
 3.0000   2.0000   100.0000   97.9730   0.0000   0.1424     PSO 
 3.0000   3.0000   98.8889   97.2973   0.1054   0.1644     PSO 
 3.0000   4.0000   100.0000   99.3243   0.0000   0.0822     PSO 
 3.0000   5.0000   97.7778   93.9189   0.1491   0.2466     PSO 
 4.0000   1.0000   90.6122   78.8991   0.3064   0.4594     PSO 
 4.0000   2.0000   89.3878   66.0550   0.3258   0.5826     PSO 
 4.0000   3.0000   96.7347   88.9908   0.1807   0.3318     PSO 
 4.0000   4.0000   94.2857   85.3211   0.2390   0.3831     PSO 
 4.0000   5.0000   92.6531   83.4862   0.2711   0.4064     PSO 
 5.0000   1.0000   97.7505   97.6190   0.1500   0.1543     PSO 
 5.0000   2.0000   97.5460   97.1429   0.1567   0.1690     PSO 
 5.0000   3.0000   97.5460   98.5714   0.1567   0.1195     PSO 
 5.0000   4.0000   97.3415   98.0952   0.1630   0.1380     PSO 
 5.0000   5.0000   97.3415   98.0952   0.1630   0.1380     PSO 
 