3.00 1.00 90.00 89.19 0.32 0.33   RCGA 
 3.00 2.00 97.78 96.62 0.15 0.18   RCGA 
 3.00 3.00 97.78 95.27 0.15 0.22   RCGA 
 3.00 4.00 97.78 93.92 0.15 0.25   RCGA 
 3.00 5.00 98.89 97.30 0.11 0.16   RCGA 
 4.00 1.00 84.08 76.15 0.40 0.49   RCGA 
 4.00 2.00 86.53 64.22 0.37 0.60   RCGA 
 4.00 3.00 82.86 83.49 0.41 0.41   RCGA 
 4.00 4.00 84.08 69.72 0.40 0.55   RCGA 
 4.00 5.00 84.08 61.47 0.40 0.62   RCGA 
 5.00 1.00 96.73 96.19 0.18 0.20   RCGA 
 5.00 2.00 96.93 97.62 0.18 0.15   RCGA 
 5.00 3.00 97.34 98.10 0.16 0.14   RCGA 
 5.00 4.00 96.93 98.57 0.18 0.12   RCGA 
 5.00 5.00 96.32 94.76 0.19 0.23   RCGA 
 